Part one: 5,1,3,4,3,7,2,1,7
6,6,6,6,6,6,6,6,6,6,6,6,6,6,7,7,; 35184372088832
6,6,6,6,6,6,6,6,6,6,6,6,6,6,4,5,; 35184372088832
6,6,6,6,6,6,6,6,6,6,6,6,6,6,5,6,; 35184372088832
6,6,6,6,6,6,6,6,6,6,6,6,6,6,2,2,; 35184372088832
6,6,6,6,6,6,6,6,6,6,6,6,6,6,3,3,; 35184372088832
6,6,6,6,6,6,6,6,6,6,6,6,6,6,0,0,; 4398046511104
6,6,6,6,6,6,6,6,6,6,6,6,6,7,3,0,; 549755813888
6,6,6,6,6,6,6,6,6,6,6,6,7,5,3,0,; 68719476736
6,6,6,6,6,6,6,6,6,6,6,7,5,5,3,0,; 8589934592
6,6,6,6,6,6,6,6,6,6,7,5,5,5,3,0,; 8589934592
6,6,6,6,6,6,6,6,6,6,4,1,5,5,3,0,; 8589934592
6,6,6,6,6,6,6,6,6,6,5,6,5,5,3,0,; 8589934592
6,6,6,6,6,6,6,6,6,6,2,6,5,5,3,0,; 8589934592
6,6,6,6,6,6,6,6,6,6,3,2,5,5,3,0,; 1073741824
6,6,6,6,6,6,6,6,6,7,5,2,5,5,3,0,; 1073741824
6,6,6,6,6,6,6,6,6,4,1,2,5,5,3,0,; 1073741824
6,6,6,6,6,6,6,6,6,5,6,2,5,5,3,0,; 1073741824
6,6,6,6,6,6,6,6,6,2,6,2,5,5,3,0,; 1073741824
6,6,6,6,6,6,6,6,6,3,2,2,5,5,3,0,; 1073741824
6,6,6,6,6,6,6,6,6,0,3,2,5,5,3,0,; 1073741824
6,6,6,6,6,6,6,6,6,1,7,2,5,5,3,0,; 1073741824
6,6,6,6,6,6,6,6,6,6,0,2,5,5,3,0,; 1073741824
6,6,6,6,6,6,6,6,6,7,3,2,5,5,3,0,; 1073741824
6,6,6,6,6,6,6,6,6,4,5,2,5,5,3,0,; 1073741824
6,6,6,6,6,6,6,6,6,5,6,2,5,5,3,0,; 1073741824
6,6,6,6,6,6,6,6,6,2,6,2,5,5,3,0,; 1073741824
6,6,6,6,6,6,6,6,6,3,2,2,5,5,3,0,; 1073741824
6,6,6,6,6,6,6,6,6,0,3,2,5,5,3,0,; 1073741824
6,6,6,6,6,6,6,6,6,1,6,2,5,5,3,0,; 1073741824
6,6,6,6,6,6,6,6,6,6,1,5,5,5,3,0,; 8589934592
6,6,6,6,6,6,6,6,6,6,6,4,1,5,3,0,; 68719476736
6,6,6,6,6,6,6,6,6,6,6,5,6,5,3,0,; 68719476736
6,6,6,6,6,6,6,6,6,6,6,2,2,5,3,0,; 68719476736
6,6,6,6,6,6,6,6,6,6,6,3,2,5,3,0,; 68719476736
6,6,6,6,6,6,6,6,6,6,6,0,2,5,3,0,; 68719476736
6,6,6,6,6,6,6,6,6,6,6,1,5,5,3,0,; 8589934592
6,6,6,6,6,6,6,6,6,6,7,1,5,5,3,0,; 8589934592
6,6,6,6,6,6,6,6,6,6,4,1,5,5,3,0,; 8589934592
6,6,6,6,6,6,6,6,6,6,5,6,5,5,3,0,; 8589934592
6,6,6,6,6,6,6,6,6,6,2,6,5,5,3,0,; 8589934592
6,6,6,6,6,6,6,6,6,6,3,2,5,5,3,0,; 1073741824
6,6,6,6,6,6,6,6,6,7,5,2,5,5,3,0,; 1073741824
6,6,6,6,6,6,6,6,6,4,1,2,5,5,3,0,; 1073741824
6,6,6,6,6,6,6,6,6,5,6,2,5,5,3,0,; 1073741824
6,6,6,6,6,6,6,6,6,2,5,2,5,5,3,0,; 1073741824
6,6,6,6,6,6,6,6,6,3,4,2,5,5,3,0,; 16777216
6,6,6,6,6,6,6,7,7,3,4,2,5,5,3,0,; 16777216
6,6,6,6,6,6,6,4,5,3,4,2,5,5,3,0,; 16777216
6,6,6,6,6,6,6,5,6,3,4,2,5,5,3,0,; 16777216
6,6,6,6,6,6,6,2,4,3,4,2,5,5,3,0,; 16777216
6,6,6,6,6,6,6,3,6,3,4,2,5,5,3,0,; 16777216
6,6,6,6,6,6,6,0,2,3,4,2,5,5,3,0,; 16777216
6,6,6,6,6,6,6,1,5,3,4,2,5,5,3,0,; 16777216
6,6,6,6,6,6,6,6,7,5,4,2,5,5,3,0,; 134217728
6,6,6,6,6,6,6,6,4,1,4,2,5,5,3,0,; 134217728
6,6,6,6,6,6,6,6,5,6,4,2,5,5,3,0,; 134217728
6,6,6,6,6,6,6,6,2,4,4,2,5,5,3,0,; 134217728
6,6,6,6,6,6,6,6,3,6,4,2,5,5,3,0,; 134217728
6,6,6,6,6,6,6,6,0,3,4,2,5,5,3,0,; 2097152
6,6,6,6,6,6,7,7,0,3,4,2,5,5,3,0,; 2097152
6,6,6,6,6,6,4,5,0,3,4,2,5,5,3,0,; 262144
6,6,6,6,6,7,3,5,0,3,4,2,5,5,3,0,; 262144
6,6,6,6,6,4,5,5,0,3,4,2,5,5,3,0,; 262144
6,6,6,6,6,5,6,5,0,3,4,2,5,5,3,0,; 262144
6,6,6,6,6,2,2,5,0,3,4,2,5,5,3,0,; 262144
6,6,6,6,6,3,3,5,0,3,4,2,5,5,3,0,; 262144
6,6,6,6,6,0,0,5,0,3,4,2,5,5,3,0,; 262144
6,6,6,6,6,1,0,5,0,3,4,2,5,5,3,0,; 262144
6,6,6,6,6,6,5,6,0,3,4,2,5,5,3,0,; 2097152
6,6,6,6,6,6,2,5,0,3,4,2,5,5,3,0,; 262144
6,6,6,6,6,7,7,5,0,3,4,2,5,5,3,0,; 262144
6,6,6,6,6,4,5,5,0,3,4,2,5,5,3,0,; 262144
6,6,6,6,6,5,6,5,0,3,4,2,5,5,3,0,; 262144
6,6,6,6,6,2,2,5,0,3,4,2,5,5,3,0,; 262144
6,6,6,6,6,3,3,5,0,3,4,2,5,5,3,0,; 262144
6,6,6,6,6,0,1,5,0,3,4,2,5,5,3,0,; 32768
6,6,6,6,7,3,1,5,0,3,4,2,5,5,3,0,; 32768
6,6,6,6,4,5,1,5,0,3,4,2,5,5,3,0,; 4096
6,6,6,7,3,5,1,5,0,3,4,2,5,5,3,0,; 4096
6,6,6,4,5,5,1,5,0,3,4,2,5,5,3,0,; 4096
6,6,6,5,6,5,1,5,0,3,4,2,5,5,3,0,; 4096
6,6,6,2,1,5,1,5,0,3,4,2,5,5,3,0,; 4096
6,6,6,3,5,5,1,5,0,3,4,2,5,5,3,0,; 4096
6,6,6,0,4,5,1,5,0,3,4,2,5,5,3,0,; 4096
6,6,6,1,0,5,1,5,0,3,4,2,5,5,3,0,; 4096
6,6,6,6,5,6,1,5,0,3,4,2,5,5,3,0,; 32768
6,6,6,6,2,0,1,5,0,3,4,2,5,5,3,0,; 32768
6,6,6,6,3,7,1,5,0,3,4,2,5,5,3,0,; 32768
6,6,6,6,0,1,1,5,0,3,4,2,5,5,3,0,; 32768
6,6,6,6,1,2,1,5,0,3,4,2,5,5,3,0,; 32768
6,6,6,6,6,1,3,5,0,3,4,2,5,5,3,0,; 262144
6,6,6,6,6,6,3,5,0,3,4,2,5,5,3,0,; 262144
6,6,6,6,6,7,5,5,0,3,4,2,5,5,3,0,; 262144
6,6,6,6,6,4,1,5,0,3,4,2,5,5,3,0,; 32768
6,6,6,6,7,3,1,5,0,3,4,2,5,5,3,0,; 32768
6,6,6,6,4,5,1,5,0,3,4,2,5,5,3,0,; 4096
6,6,6,7,3,5,1,5,0,3,4,2,5,5,3,0,; 4096
6,6,6,4,5,5,1,5,0,3,4,2,5,5,3,0,; 4096
6,6,6,5,6,5,1,5,0,3,4,2,5,5,3,0,; 4096
6,6,6,2,7,5,1,5,0,3,4,2,5,5,3,0,; 512
6,6,7,7,7,5,1,5,0,3,4,2,5,5,3,0,; 512
6,6,4,5,7,5,1,5,0,3,4,2,5,5,3,0,; 512
6,6,5,6,7,5,1,5,0,3,4,2,5,5,3,0,; 512
6,6,2,3,7,5,1,5,0,3,4,2,5,5,3,0,; 64
6,7,7,3,7,5,1,5,0,3,4,2,5,5,3,0,; 64
6,4,5,3,7,5,1,5,0,3,4,2,5,5,3,0,; 64
6,5,6,3,7,5,1,5,0,3,4,2,5,5,3,0,; 64
6,2,0,3,7,5,1,5,0,3,4,2,5,5,3,0,; 64
6,3,7,3,7,5,1,5,0,3,4,2,5,5,3,0,; 64
6,0,1,3,7,5,1,5,0,3,4,2,5,5,3,0,; 8
7,3,1,3,7,5,1,5,0,3,4,2,5,5,3,0,; 8
4,5,1,3,7,5,1,5,0,3,4,2,5,5,3,0,; 8
5,6,1,3,7,5,1,5,0,3,4,2,5,5,3,0,; 8
2,0,1,3,7,5,1,5,0,3,4,2,5,5,3,0,; 8
3,7,1,3,7,5,1,5,0,3,4,2,5,5,3,0,; 8
0,1,1,3,7,5,1,5,0,3,4,2,5,5,3,0,; 8
1,2,1,3,7,5,1,5,0,3,4,2,5,5,3,0,; 8
6,1,3,3,7,5,1,5,0,3,4,2,5,5,3,0,; 64
6,6,3,1,7,5,1,5,0,3,4,2,5,5,3,0,; 512
6,6,0,5,7,5,1,5,0,3,4,2,5,5,3,0,; 512
6,6,1,3,7,5,1,5,0,3,4,2,5,5,3,0,; 8
7,7,1,3,7,5,1,5,0,3,4,2,5,5,3,0,; 8
4,5,1,3,7,5,1,5,0,3,4,2,5,5,3,0,; 8
5,6,1,3,7,5,1,5,0,3,4,2,5,5,3,0,; 8
2,1,1,3,7,5,1,5,0,3,4,2,5,5,3,0,; 8
3,4,1,3,7,5,1,5,0,3,4,2,5,5,3,0,; 1
5,4,1,3,7,5,1,5,0,3,4,2,5,5,3,0,; 1
1,4,1,3,7,5,1,5,0,3,4,2,5,5,3,0,; 1
6,4,1,3,7,5,1,5,0,3,4,2,5,5,3,0,; 1
6,4,1,3,7,5,1,5,0,3,4,2,5,5,3,0,; 1
3,4,1,3,7,5,1,5,0,3,4,2,5,5,3,0,; 1
1,4,1,3,7,5,1,5,0,3,4,2,5,5,3,0,; 1
3,4,1,3,7,5,1,5,0,3,4,2,5,5,3,0,; 1
0,6,1,3,7,5,1,5,0,3,4,2,5,5,3,0,; 8
1,5,1,3,7,5,1,5,0,3,4,2,5,5,3,0,; 8
6,7,1,3,7,5,1,5,0,3,4,2,5,5,3,0,; 8
7,5,1,3,7,5,1,5,0,3,4,2,5,5,3,0,; 8
4,1,1,3,7,5,1,5,0,3,4,2,5,5,3,0,; 8
5,6,1,3,7,5,1,5,0,3,4,2,5,5,3,0,; 8
2,1,1,3,7,5,1,5,0,3,4,2,5,5,3,0,; 8
3,4,1,3,7,5,1,5,0,3,4,2,5,5,3,0,; 1
5,4,1,3,7,5,1,5,0,3,4,2,5,5,3,0,; 1
1,4,1,3,7,5,1,5,0,3,4,2,5,5,3,0,; 1
6,4,1,3,7,5,1,5,0,3,4,2,5,5,3,0,; 1
6,4,1,3,7,5,1,5,0,3,4,2,5,5,3,0,; 1
Part two: 216584205979245
